set1_score: -0.250000000000
set2_score: -0.114583333333
set3_score: 0.053333333333
Duration: 0
